84 7 58 56 54 56 47 13 10
22 3 8 51 20
64 7 1 7 53 17 12 9 28
30 3 51 3 44
68 16 30 43 43 19 30 28 14 17 32 23 10 34 22 60 45 38
99 5 36 31 54 47 32
81 17 34 3 51 17 2 46 46 45 28 57 6 47 10 14 18 25 16
83 6 15 28 15 45 4 51
88 9 37 39 9 25 4 12 15 20 13
61 17 49 20 53 47 7 55 60 16 11 15 59 48 22 18 3 58 13
53 17 2 21 27 2 46 30 5 53 41 10 52 38 51 12 22 36 10
28 8 17 18 27 7 6 47 24 28
25 9 25 24 23 4 25 21 22 20 23
41 10 37 24 39 26 27 41 2 36 40 29
65 9 2 51 14 41 15 5 25 35 48
57 4 52 48 26 40
37 13 12 18 29 36 37 35 2 34 33 30 31 16 14
19 9 4 52 49 10 57 5 44 44 54
39 7 31 5 39 38 29 10 28
18 17 5 4 1 4 11 6 3 6 5 11 6 7 15 7 10 3 13
65 18 28 16 5 9 12 3 49 60 4 47 9 41 23 12 11 46 2 2
31 19 6 1 27 5 7 23 6 9 17 23 29 25 28 23 25 1 27 23 20
80 11 9 12 34 12 22 11 14 15 41 4 20
82 20 17 40 34 14 49 51 56 27 27 45 1 11 45 37 43 37 8 46 37 20
19 8 13 19 13 10 10 17 11 13
88 7 22 14 13 2 56 60 20
22 5 20 22 21 18 6
29 8 21 25 19 1 5 23 20 27
82 11 45 53 13 33 51 26 46 3 20 41 3
99 14 39 51 25 51 30 22 40 17 13 56 15 5 60 30
74 17 31 56 41 23 60 5 14 26 42 8 45 14 2 15 7 40 5
3 4 1 2 1 1
43 9 39 40 43 39 19 19 37 39 14
49 4 14 14 9 31
55 8 7 9 10 21 7 49 18 30
91 4 14 4 18 54
93 7 46 33 17 56 9 58 10
37 1 15
16 2 15 10
29 8 21 9 17 3 15 28 20 24
40 3 39 4 31
82 8 19 20 12 36 15 20 33 16
28 5 20 20 25 6 10
44 16 38 41 39 12 30 10 38 29 13 36 24 25 10 11 43 21
42 10 27 33 42 33 1 38 4 42 22 10
91 6 57 28 18 55 31 47
25 18 15 9 16 19 23 17 21 7 7 25 17 23 19 20 7 11 18 11
52 1 12
94 18 8 33 47 55 56 33 51 13 40 51 50 10 15 36 42 21 34 28
89 19 47 11 5 57 58 7 41 50 18 46 20 18 19 6 4 14 39 54 18
90 4 8 19 58 35
72 10 1 20 39 59 6 49 55 54 38 2
94 19 11 20 38 20 30 44 23 35 14 8 52 23 43 51 33 32 18 16 42
58 15 12 8 32 52 2 18 21 55 51 39 6 2 17 17 23
32 20 27 5 29 31 19 22 31 23 23 30 28 26 27 25 27 4 28 20 28 5
100 12 48 11 57 41 19 6 4 10 45 52 6 15
92 16 36 55 50 29 34 39 46 23 3 23 18 51 34 15 47 14
87 14 24 55 15 34 60 18 43 36 9 40 51 33 55 18
47 16 38 42 14 24 14 9 46 32 41 19 38 37 24 36 11 39
31 5 12 22 24 26 30
74 5 32 6 11 49 24
86 7 16 60 50 21 8 27 44
78 17 22 26 1 57 36 31 19 52 43 33 17 20 22 51 45 53 48
35 1 4
73 19 11 24 48 31 31 14 15 20 43 28 45 43 16 13 5 35 4 39 7
41 19 20 3 33 4 42 29 34 35 13 23 35 16 22 18 36 28 32 37 10
19 2 4 14
34 8 30 29 27 28 1 25 29 25
99 12 37 19 36 13 12 10 60 27 31 17 5 50
40 1 39
10 4 2 5 9 3 7 8 8 4 8 2 3 3 2 6
51 20 51 35 31 42 34 48 15 42 2 4 21 44 3 42 28 36 17 46 5 23
93 12 58 53 55 22 47 56 38 9 16 20 43 38
84 17 35 18 50 28 13 3 22 7 44 41 43 52 26 47 6 11 31
84 15 17 17 41 13 46 49 20 6 31 57 1 39 24 18 29
83 2 31 56
89 6 36 11 58 54 49 3
84 11 58 58 28 7 30 32 52 10 51 49 40
99 9 11 54 58 31 37 20 53 32 48
78 20 58 47 53 38 42 56 49 39 45 16 37 6 47 29 15 29 9 54 59 58
56 13 55 26 21 6 18 44 53 8 43 42 54 35 20
35 2 34 6
58 15 42 3 53 2 17 13 11 3 3 50 58 55 54 16 7
52 5 51 44 32 33 18
38 20 29 32 21 28 37 11 32 31 13 26 32 30 38 32 24 32 33 21 27 19
68 5 10 53 15 45 16
80 2 33 39
70 17 51 57 5 1 30 35 6 55 7 27 24 40 50 56 13 2 14
91 10 30 32 14 45 16 29 16 18 54 54
99 10 36 36 14 29 57 41 34 44 47 52
59 18 41 46 22 42 51 44 11 21 15 16 5 23 45 20 40 30 5 10
39 12 37 44 60 34 24 25 17 2 16 7 12 38
13 13 12 13 9 12 3 13 8 9 7 4 8 8 5
74 18 23 46 54 58 37 19 22 54 27 15 1 34 26 49 26 51 10 60
99 1 3
25 20 1 24 24 11 24 17 24 15 14 9 14 19 18 24 25 13 21 6 13 24
92 19 11 22 28 10 12 1 4 16 20 5 49 55 7 30 13 30 11 54 31
34 4 8 24 15 23
100 12 60 45 43 11 47 56 30 56 7 22 52 15
34 8 3 28 14 24 4 23 3 25