187 191
579825787
317983371
251743831
154445162
404075451
596252167
425245175
634977428
998453955
321102821
24322483
72389382
558430930
436454260
424000584
124823471
728106105
564358481
944685651
545281692
952823664
998935374
320863056
244973002
93753398
288557576
441032624
976454652
636434447
242661049
271459198
741100570
417845362
916814470
784818608
695639011
269640148
501636576
361124994
681373903
967976298
123808876
414486295
214145076
589890250
709679075
925150406
963199794
413118975
503788877
614293365
391377779
850380640
194231526
962698120
889621015
667855370
395593153
795829544
245330905
116965960
930512487
46284437
582247993
653642232
105491050
453784052
373812567
523098129
896254589
846172913
959421502
898625715
808112237
673421687
409272227
246518592
109789201
811428094
812455391
96951693
354306444
690366674
399981648
292813661
981247930
29574559
55141247
936636023
379435024
346324495
56655397
133553486
46702620
364002611
442390895
298086493
900656650
362763368
672717100
4002812
366326535
425067651
763942798
416599019
683833034
800084555
837261248
134088433
304892339
701229072
711310062
322286600
81328701
512834860
523783593
388205202
30316084
524149270
899032355
844986076
857536706
49544946
340661251
374223880
690487233
829173946
663229502
42348284
55823563
975984711
240065793
982726019
405836537
876688102
500339719
996114984
294947502
45296715
17595034
590862297
838871310
478632199
644715699
9755961
964893136
710127103
235554031
313517113
547027883
945840762
26428705
972380017
696115905
249901880
386639335
912088248
918003774
859736616
152688400
367180911
264936456
215987409
147282801
884745885
756416940
268138384
863043561
840634957
528169378
16299806
538047679
593237621
442971785
949099781
447203803
196475375
235871977
532483179
667113684
460742242
831884174
249802045
279790900
837064630
864674617
495320256
983553616
370097432
327828475
651459112
859736616
847180323
792816965
582192647
46702620
964893136
714550845
690328588
844725418
237548381
318136918
220015752
492913052
313699360
522524276
896946271
192695644
532483179
412295866
909973858
364002611
214512791
942989427
800084555
212947086
195953689
499840692
863691303
709679075
152688400
863043561
591208241
27728442
996114984
373428394
787730651
101572516
931979720
55141247
203423294
850380640
538047679
965637366
981247930
959421502
629373279
288212524
523783593
547027883
260772117
857109951
577349103
288557576
244973002
529323484
427393404
83954011
976454652
585395093
570023885
690487233
994866189
160065167
900656650
695639011
835961968
16299806
527480145
503782234
300899649
243439771
345539184
65723682
118827893
575254255
845825102
534419743
80146628
386639335
262943722
984647722
425245175
865882075
262133321
346324495
596252167
876688102
245330905
964271999
763942798
6978320
944685651
884745885
421873183
49544946
934037778
410373492
147168338
482524538
556234807
436454260
29980113
442390895
486331493
913099741
543870560
428135583
496807027
698748242
938657934
45296715
12034536
826813020
558240880
584433040
395593153
963199794
382741350
501636576
634977428
639041428
808382556
115742292
837064630
116965960
481960056
678092793
391377779
87015667
898625715
136441080
147282801
808112237
756416940
207261317
747701460
8535775
235871977
73439878
885077174
443332915
631414340
997681885
133553486
453784052
142009869
495320256
46641051
545819872
943218815
962698120
862428248
911865409
905233535
910531447
728106105
545281692
45068087
524149270
322541970
512834860
395447706
108171138
478632199
735277835
215987409
914126556
328769526
892178485
221312826
503933109
335233844
148677179
767903450
727442600
533941590
179342582
794321758
741100570
73978471
838662641
726405262
552640946
708182218
614293365
312095904
589890250
218 105
362803327
857290535
13367847
440384961
239850064
786608390
482346060
218510750
596521564
226610183
242254125
810495806
572590278
581277379
525091130
374119181
916160215
195186348
605078236
641211737
362076598
367626127
48008263
261595482
504227268
481027575
302731403
37617459
510821697
510611992
324886834
982632764
338603890
437804126
490452032
80679510
202887748
766942376
321720387
2568390
638585287
698381452
574119948
746780534
533202823
986765088
138622338
165361727
684832959
418959168
140131383
991856724
588629953
31898124
801295410
135991021
930093732
971986473
785353737
357223722
783629375
647491216
6441938
232405256
991638054
516220746
886530309
47101267
35266840
963338514
840911288
409934907
842162921
768364697
492795438
776341112
439620981
367782947
176470971
527045963
350699859
240216013
162321238
939097327
708544258
600480474
304702803
701386858
683079635
640266053
441824603
601940069
187339429
725689621
800337493
956259160
332979806
384697857
355820023
273444364
67290923
648461731
785363289
564244923
716675413
215034671
464856085
141987084
54008721
649900896
869520465
826265775
925760310
725960507
123576437
890996313
657963689
285268901
256774548
549562745
519012834
167767822
210473980
52240146
162694900
108532548
731289418
152041361
107433040
506369432
915364866
403074583
54194658
758191990
237461958
814822977
471044995
386586068
941141013
607389585
938122589
324730977
713346883
198483687
503166442
713883038
962794571
65522753
407142761
401394274
715534231
976662058
307789961
859543298
798341524
751363416
659925818
758828990
687404387
318493049
21036491
173323441
866647753
806768738
72469937
391189059
745252770
316111250
886816048
646221689
51597244
845146135
565381230
159938507
634828278
221721499
776487716
457584075
887412264
306263302
559491549
41469404
644304452
168964833
263902467
923101952
999079280
598365556
269836962
324617852
177023025
602292493
535232682
5034055
827123925
228843011
409617153
556687662
692263335
926695991
371654644
985717388
623524614
268436454
219596292
689400300
668716282
353098921
999326728
235138884
96705839
290550073
350498411
5352320
121528770
167367647
354691738
749123946
227009492
32240002
95871863
210473980
441879756
965795634
352665804
731552186
144506229
158809576
662575278
154307187
4126083
624461973
357223722
982632764
889896695
718810416
504227268
507975141
52240146
232346868
521065435
347909580
77839143
535232682
36990952
875189289
549562745
403520194
641211737
659925818
785363289
339490636
5034055
439257367
293676709
833877747
926211639
157535727
716675413
516220746
141987084
841765571
598365556
532139728
91555660
200305078
332979806
142841736
803563260
556687662
999326728
167767822
614079375
631202503
754807460
96705839
35266840
736282660
482346060
481084634
600480474
616465264
742757608
417806712
657967532
41469404
574119948
556973893
352722266
167367647
385177710
350498411
173323441
163736756
473652953
683079635
746715056
533202823
522899999
966797461
158777312
138622338
197010471
377748129
348772728
141487864
307789961
656708848
119840242
857959224
350699859
273444364
332722346
438528833
274434986
964229051
393033876
318493049
471044995
386586068
634828278
537488337
501445989
153 250
124726788
235021440
373247734
678859992
928929820
518748168
830878023
768199891
743866212
425605051
336538384
210729231
417873402
941085595
818957772
240065081
122642502
415993863
370191555
405967146
886448754
583788006
172935960
186822275
208487343
255120095
882048369
414864726
665413404
91552567
508838965
819554175
76542002
36433543
87063878
69819211
550878055
547757147
439495734
647462668
391102725
356089648
738448327
560611944
47907055
887378858
632933163
182690645
18728454
898543345
595148061
597776329
229877593
790608163
423039426
684176157
561970042
912933746
360175673
108158776
637393294
445098785
367043707
58058923
604924748
828644406
830960084
372983784
399318886
91322574
585157867
509031873
648059608
139763157
379193697
265702209
103406146
331375425
388408036
106890867
20151446
584825848
303879451
374625953
643993155
553397623
515730597
749371251
538167200
241920119
991573883
634047370
42689779
591794398
982407550
623889679
339332089
261143263
177143575
167659114
974718704
93629533
192145932
893029530
589962847
746291776
496034267
152102132
387289144
165490911
690511459
483092619
385255037
127927681
84108348
19022066
263679163
51184612
695264443
446918679
411493337
250528961
638650942
646572435
285647140
97329777
252379441
569874312
775969699
45280708
194689703
383627838
388101550
254921290
852275537
747114580
148273451
829694163
501540858
540358924
732926258
610250010
729202974
668067287
739888553
942842176
649288694
382423657
942632664
285568999
264586397
131040116
328469548
617743873
336538384
676570845
17782797
146490851
991573883
383627838
55235195
356620023
454334590
720894327
127927681
805639028
409742326
755493771
717053450
91322574
353081656
304791152
637393294
388408036
51184612
617102321
942842176
254428044
956544531
677879115
818957772
284327211
550878055
746291776
623889679
413028774
587059569
547757147
288555826
18728454
917308016
655554828
608249627
58058923
723522764
322510049
501540858
931064148
133234137
342379989
929310992
405967146
540358924
180819614
108158776
467419157
493297284
881538511
523021598
907226516
210729231
319703872
20692174
719740591
99977828
710091873
446473349
339332089
315277902
536303029
414864726
508056024
509031873
192343596
165490911
764260475
563189330
962773210
938824959
106890867
89463732
486966716
967550234
985565666
877155288
181855330
417873402
265702209
124726788
261143263
341577371
451131584
725848047
553397623
331375425
736976013
399318886
798091974
388622100
78050911
732926258
929088562
684176157
262357646
906122044
505550468
668067287
537032348
150774760
765604611
743866212
185387015
767133178
893029530
886448754
483092619
256649935
521905641
858433003
466359246
929522040
740067522
37421912
882048369
529102674
389837641
374775480
52817011
62522523
924242866
250528961
423340667
594399812
496678758
974718704
356089648
998934762
328469548
360813038
196658940
743308891
70636081
217018629
648059608
519693184
280743492
97329777
838729877
125459827
846120930
852275537
647462668
946185425
211025754
830960084
560471325
583788006
993605790
683508052
928929820
610250010
795031577
634047370
912933746
739888553
411493337
887378858
580640144
443762408
957598122
598127423
767725628
318989024
387289144
41491481
439220345
139763157
277395937
591794398
4915130
59561044
337218985
402557237
692131612
370191555
379193697
45280708
425605051
829694163
508875758
144169776
115534915
325175294
263679163
155361515
395641031
152102132
194689703
410524289
165586101
298701733
326130693
101380998
934833797
646572435
144395691
929389456
768199891
622373914
373247734
722953231
938190807
641211700
192520245
898543345
638650942
690511459
490680837
688289133
374625953
446918679
354976702
515730597
192145932
747114580
660651725
290243348
91552567
604924748
452562179
560611944
570745366
64358910
732585624
815271198
472140918
246716013
613941846
287971118
388101550
55937397
592026333
538167200
661447490
721541859
678859992
595148061
507167070
662357007
61635456
796598264
665413404
188115611
125 142
29744917
108918036
558541987
704023812
398405949
933233083
853514563
726668288
73691166
658258038
169599707
778351169
493590722
317340616
334829045
510128720
299650764
869391532
464522068
614189452
453443185
37401062
596912975
490988019
316578994
217882020
699191870
633311670
21867397
542217890
741670964
745272105
602552171
6916452
877161092
699724556
305586256
506362575
256853183
52025765
688646350
225530904
909570331
458528765
834467762
754856483
112319805
9905387
569077653
373570247
644474631
815301341
706561189
505844767
900932362
457426495
225352481
834233166
261153350
372356470
52324871
952071434
266109434
657052148
881681870
571972246
9937219
633432044
501604006
394045781
50919872
6481074
709290544
803079823
361482850
635014912
52285101
44144991
515635962
139963570
603679034
908014059
650318739
134393554
865342966
300932381
465493819
695781143
96747782
672059953
10396733
72482813
803318097
836778133
654636584
301531011
363980385
116801380
865506607
18865553
306806536
804934865
910281601
947715454
582828074
717935816
978775622
326736452
498421919
168450401
348043071
224584839
213932767
374526699
573212360
87338410
602755529
423946985
511988348
866101088
740107810
483406736
249472001
665598481
333983057
217882020
465493819
834233166
49962312
46934442
799288524
856476364
367871094
899788927
159161888
960804100
241155889
225352481
786554980
372356470
328210698
709290544
486130085
683423894
6481074
343038375
520947412
948564190
604868152
672059953
451993211
51720666
563649568
826688096
571972246
516520254
814356511
692195250
910270226
182654956
446750293
652382422
933233083
938061991
882890150
602755529
760422029
44144991
740107810
423486880
952071434
978040391
415840528
658258038
191753090
139963570
325233046
655902291
684449472
648203388
87338410
552736268
177737595
231002515
775973624
591877874
815301341
333567843
498421919
752955411
276624615
905504125
803079823
201492504
588561054
298035376
699724556
593873621
633432044
307545881
607259085
692996826
333983057
283041634
253126559
814526888
391569297
394045781
695781143
194640124
266109434
949309721
135050720
960934426
480326013
502628978
363550645
477330942
437878614
902301303
633504905
865817500
249472001
305586256
506362575
372493846
901886756
740406401
168823535
317192974
300190006
116801380
511988348
573560686
134393554
644045950
692187473
46592653
699191870
804934865
72482813
458528765
341229993
170899707
250459265
673165661
833694153
567180152
682182124
453295597
334829045
531773423
180850373
11953224
909570331
258709672
812461341
104568498
853514563
603679034
721006028
834467762
326736452
150626299
493590722
998119908
168450401
210 145
405528702
274254927
189262269
732957678
324722349
377778226
311739296
365707264
775450498
953652909
348547026
538775032
67667520
941321783
609113822
41836992
140843426
144635222
348767680
959735905
867225461
578091236
78907167
119683554
943467168
255609144
155407433
474481432
418782057
824305715
48609403
382137348
336357540
995900793
825625013
896615666
664121589
689498055
939717394
552572279
954560142
973653859
348978779
58180100
768455713
568806950
856666890
903725247
338474886
794830060
471875363
101284352
95605632
345047583
517937815
883216060
934560888
961500198
722630181
969643140
315583844
828208381
25689259
806729142
130426925
80096838
138132750
769512410
942290951
332531145
653604133
216447871
861036516
963067626
762787758
221067097
978193439
929521258
386153001
274896638
387698774
361526224
148459400
491227825
322155475
716048199
444877219
576161043
593672367
179597342
109367730
819618494
303901036
812170741
234471682
930704296
920590273
528583164
877836541
426138629
852844747
549002388
890052442
635651355
789393924
861393676
20147593
7075722
727698940
438052953
559795266
659859708
106455399
89389453
125341804
500833374
198620893
486641847
191730881
250538037
605244448
288477492
104468819
908655522
569428566
393731744
326633464
421642226
516200701
508043329
811059596
437112485
859860330
691901776
892160395
507752465
26227656
584211810
13512267
915738127
72315144
242152487
546806048
924896610
114855508
668572864
534659676
822108891
992923882
858950505
287840850
216380134
382799334
79063032
266258291
558601679
748365139
472098203
682974398
953994993
812892304
126004515
702672823
709261058
695315363
567877481
162401298
542572367
381874604
793579254
160046485
114242791
563241107
555579352
412687408
230724427
382757176
602576473
447633176
480222675
91948976
450066881
468922755
6911784
276014689
668074576
821193344
162952829
392649292
49324570
892091954
884635114
867904529
737698788
498168654
272914103
205420022
402451251
514776080
350770067
772954238
425779297
570290216
64503972
806642354
749888596
35987242
478347746
335478567
49822195
500833374
61805598
161238798
915230477
99852838
899279649
538775032
559728347
384990027
712295568
418464685
288477492
176309667
884799611
287840850
212456238
200796627
593184480
250538037
56055572
329382655
472157527
41836992
512672274
58180100
909248373
450066881
437112485
829086522
789393924
88432836
915738127
519848372
289043875
94261785
883216060
72315144
35826995
593339507
80096838
20147593
778981381
933325529
125341804
258830114
739152655
763868351
361526224
384900397
562844901
551316176
824519709
828289734
812170741
511624661
491227825
400397556
55344807
225904941
599002253
586261938
338474886
890799193
95605632
590023283
562907888
470315397
554848721
381874604
920590273
697607211
275515776
205970607
558601679
614501788
104468819
669049919
107397594
869029456
906861119
53096846
602739461
387698774
396599671
954560142
363211097
691901776
504246878
682974398
851713484
892582502
668572864
978193439
892091954
295862026
772954238
685780724
930641798
757045060
870055159
974203010
448457011
709261058
570290216
366120301
651979109
488362469
513247460
324722349
591314482
49324570
379316382
393731744
205788693
333560239
382137348
605244448
847184672
757749238
775450498
331730477
911731432
828208381
769512410
534659676
32518814
611891744
117190029
414410606
315583844
486641847
152170568
903725247
890052442
48609403
487405278
653604133
377778226
227440611
288650423
549002388
950382487
60296594
821193344
351249836
75 188
552320942
571001888
430256977
481821339
821617089
637964545
226351121
143258264
668708790
111152305
695202717
566823465
567567622
557033538
240602060
706881164
492045080
262503108
512343945
808065437
621936612
901760740
296002892
528925718
81931366
589001066
8209144
579246526
405854468
148793341
323244999
580022761
582344392
470821693
831775312
757600261
405153180
185515258
101682427
238981483
910434253
786167788
499320164
274384409
472208346
695293330
92112154
187977955
191788104
18745923
986724838
101898951
363352005
709079018
824937200
47893514
346319711
629136984
797841666
194580852
993220100
849477234
685652209
101102406
25644255
940169722
991964460
272186340
619629670
717284433
114905501
912965496
284410443
116602090
899625785
524674379
8209144
18745923
409204357
329229268
337740566
527477199
685652209
552320942
78545640
284410443
255209242
323244999
191788104
313372690
940305682
668708790
566823465
695202717
427759323
260655199
351353667
260943848
312009245
947338070
620124717
394572041
174848524
765494429
205352036
187770484
706881164
815535872
53673541
262503108
605745497
346319711
660642139
81468146
910434253
154317782
114905501
427892246
580022761
441427562
88059421
229813428
619629670
116602090
693040982
579246526
616586795
226351121
259898617
47893514
928212966
904559960
424853407
11846973
544379436
637964545
606798059
111152305
797228251
210824869
280544850
841852878
409863119
839644019
105431214
101682427
993220100
735906869
13891273
185515258
363352005
240602060
512343945
349393561
101898951
145120529
831775312
92184663
713417513
354047590
354695385
717284433
99320967
781711839
912593437
194580852
968824046
263506133
377171243
386258853
143258264
82731675
848023988
781611399
448793097
27657418
222674887
936803208
389758980
121415885
582344392
368487075
430256977
261899989
883962443
908732030
92112154
558962833
567567622
235892821
92255072
166319885
973332048
261631464
912965496
965017558
54202900
149041014
472208346
148793341
669037300
39660276
863630997
996813487
785925770
405153180
554161104
776764654
940169722
526790755
198793459
557033538
786167788
470821693
338871906
296002892
272186340
988793680
285374336
570228209
659142557
527721483
649261069
90892668
913707656
975994469
695293330
625362105
796580993
43459770
720619852
551466952
308653692
424990618
808065437
778036721
825227718
528925718
579184392
499320164
187977955
323839171
101102406
621936612
991759370
797841666
231407185
405854468
78742643
405330401
481821339
169668289
19543080
534598700
999089978
889468663
238981483
683315115
380347917
961630861
901760740
141230317
629136984
198 156
539838659
638537731
365053158
211559478
223994130
90208036
420631616
804168986
805463157
435757444
691991020
571273171
256540086
244751737
123035059
548705700
12055353
412831169
987983635
468521214
825670846
895619454
754634918
381532408
953554030
821032077
178119851
436588468
937835903
688603278
260760085
809454027
127620373
37255111
651707358
123632896
358128462
804396988
468679244
67569354
689191589
106011469
428487616
622627886
737738589
749589829
723386049
688803655
663054382
658971343
525355341
24112521
421295721
277026250
749207974
190733600
832947388
659973364
575464909
174614361
299464683
406147662
625408355
693282738
340335503
413449794
923927828
574171602
724118548
506063733
573527845
760639473
245144218
193242652
142655672
656141244
486992536
910187045
895603012
674967469
724286456
426368895
306041758
724176261
838951507
815294534
702860232
854712594
717779026
309991828
618743441
824485924
679016081
744705749
849501717
987971122
312767348
337553007
349707938
247622211
967975148
247643212
815764108
180384755
917634366
812590973
392772987
93085905
461754013
460189647
576428884
695421537
959129139
381619402
142475233
628318192
77307001
413500120
634377947
988395081
413303773
238100344
705740835
465816306
935752119
564416252
535150403
238849801
323699960
664819119
313895305
782814260
433913947
481721390
735589462
695566260
304138996
33550223
727314744
451049894
274572087
177172093
707953652
175151944
150120846
372656122
998045444
600255505
188121933
54414729
397406710
735999614
460713041
292526156
272322537
454481831
812711494
527220723
35403780
77236597
321427223
700798176
302841137
344305987
383416796
492283704
642459378
224774810
559641147
6251458
934547105
988963930
450644993
161105107
949335323
375717729
633138554
561197623
320970031
897611018
155203445
742747894
427117375
432787415
828435560
684839300
816185106
58048148
433552068
502698807
879338103
571292748
365726600
33113217
560544144
222310092
346711531
34094040
436588468
431663860
974207461
564782427
127784862
750767274
760175827
917766594
446721844
349928819
943846178
746515890
344305987
822246022
256540086
987983635
811065732
586196671
244751737
299403757
492283704
539838659
550632608
404174720
93085905
455128691
22164824
988213523
339245975
406147662
149514853
421827937
77338140
538907010
878082951
603432206
611597333
879815802
155866876
795993221
202864723
272975444
306041758
287843987
673510737
321427223
734828689
379880278
824485924
921797629
10906152
260760085
365053158
125629186
257174055
491991847
787075521
166322011
854712594
347720317
997470494
290772119
688728387
122915437
339695376
809590053
518840371
659973364
701331472
789843660
988963930
66148603
658971343
717779026
585347146
350452666
484776312
123035059
825670846
243137994
726988804
937835903
380140938
305710268
468679244
656141244
454481831
481229743
247148131
923927828
50266831
193242652
705740835
75285369
982229835
230776456
642374687
584981909
871460392
104593677
292975274
651887203
850993218
742747894
638537731
638491905
735999614
286416664
737738589
273313687
561197623
161932730
379515568
372656122
387359428
664819119
344246302
552458343
452383895
182791809
173140842
461754013
688841455
799835321
950308432
934547105
3197933
796769951
812074848
432926437
598005185
439306597
397406710
366144277
846838495
155203445
270480463
927835524
76427064
511342902
433913947
582047228
754634918
910187045
757671728
803382188
778047175
901600684
100385849
150120846
174614361
552799028
602603289
621382860
238100344
876582643
133 136
861291432
408579445
317915515
311123001
530253599
351042321
384901694
751960669
12261610
215703494
652081462
371631096
953275212
202233593
605326128
681468969
636731536
315153763
522495634
252983404
285849791
345947742
259823284
632634922
242012841
336817469
744822725
876410977
415461519
368141284
745564846
951155565
545774273
263900719
627333656
298322011
621520749
670847200
369289186
903676382
762899303
878492250
212342177
317722806
532855388
887983441
609244732
148428260
610252477
414803428
146161473
121174814
686447200
630165282
587247019
754138564
29218849
85621682
601736129
84884866
600593702
406209601
372703818
982330135
846940633
53079581
977768266
926645229
25898366
576343539
65647464
37577987
814812367
264594702
315674421
709648111
359563155
833330044
866115744
999846592
903303899
651602187
324978736
125301554
205353201
747584972
397552520
188249961
718236846
886912265
578164503
75488480
230493785
650279435
113290746
11870875
838186967
708248812
877253295
396521103
521786189
70534040
730913494
956591653
262226514
471225980
680405532
464206680
759523019
538626636
55319642
462546145
161723408
817709351
954690153
179181401
612030088
861918474
965814900
866295874
462083284
809316075
569574100
642068650
393335564
721861377
172376630
35155036
102328775
152865253
269133592
608341996
826661066
456530457
97722840
670847200
316283347
749892560
434157973
886912265
216998685
749158448
56525349
612030088
242012841
651236677
389412900
707693361
673706623
677565139
825903214
166229654
740120695
740167948
651840649
680405532
314871671
285849791
396521103
752032290
38086551
261121191
841051870
681468969
826661066
415461519
152865253
1450899
259584942
259823284
601400375
704437738
421402954
414884561
636731536
652081462
335610127
315674421
368770280
9944569
341789846
144066134
992585064
777835222
866295874
53079581
202233593
12261610
505622422
614870425
744143978
998750638
643178143
877253295
382409007
138071657
626050792
70985405
647034263
809316075
418534709
384901694
926789637
977768266
423475908
447146020
409228938
991151882
686447200
814055940
15381167
467899685
605326128
665409370
111260978
903303899
495231834
861291432
247197447
627333656
951155565
811810249
630165282
537547891
695853972
970237873
600593702
522495634
252983404
544943128
528392123
53183199
746524971
866115744
487987397
824183349
19870955
933591880
639421822
845659560
618571460
217805265
306558810
982330135
999846592
36531825
437621113
264594702
440389841
408579445
234108369
447356044
324849861
359563155
462546145
621520749
820964652
751960669
905520153
956591653
35155036
725722322
125301554
581363475
668487054
297275933
841550426
232567722
453870493
81 34
909095334
954773265
436801359
82515446
978109343
145009356
326197367
744023124
66107098
862102975
805570499
865563993
167561732
637181518
192369450
611905581
646686213
29173584
472345393
790952347
637611960
373798870
465914007
558296165
433274745
153925092
192411812
898280566
672121082
201719276
866905860
994800070
378129311
19272867
594607950
337501466
769425418
327522645
36152632
728404452
189686073
948454867
686890534
158094116
507496992
443239918
950998569
828014724
431698709
986816453
89250677
109560569
468018982
246124857
947430401
77309813
751247628
200927828
996543600
967278517
99129604
879708453
343671489
20507048
278674131
58507789
170516467
946658658
372320437
922044070
15519393
559070044
944466807
547768077
534496875
219414694
46902194
483496913
417428125
920917988
20746146
330053610
981715609
930539733
778200562
110107261
672121082
693610068
959702702
468018982
278674131
291790144
909095334
793189882
884851731
430670406
511575298
637181518
343671489
558165113
944466807
865563993
133074968
616591611
680126395
297892283
559070044
205099085
170516467
36152632
559631476
373798870
248659988
424408474
44453108
240 53
137836308
481177756
785072229
619063987
633011845
316509199
902107382
179838255
730728119
216201400
158848450
167649081
74695020
39191394
769988765
990517427
258144004
810335602
383219506
217394414
565415513
676803941
809837731
241082319
18503993
761725377
39449748
337611895
140773322
108502059
828434585
724668533
177829158
406677537
472810600
260468829
526714590
983406390
626109813
413929436
994371952
23633418
451575456
55047895
907768815
440396843
106332970
976101638
558803402
743878590
243770073
475045247
283294970
900251789
825205279
675554571
874721871
610665980
626809600
521405879
923880889
422332941
35423351
677525368
1627375
525905157
752035016
745671951
306696649
987311623
868974179
688850421
552855036
113733423
107091214
176921333
642679235
596983438
907198973
782974445
528577157
472689196
528163854
631722070
515285780
600934065
14326552
635525884
61481355
888210927
577875680
331078950
678027061
260981034
9172351
198593584
156112224
213956140
982008070
155473648
365007437
674044351
571371340
802408335
442945956
888498628
680673340
405726565
599670923
658602242
931935576
527274068
911289337
263893264
935883463
932073515
322216499
413250399
814581542
889662972
112077519
971132707
546501863
482215001
927417779
629725037
762885697
739340389
95617679
180864054
597510601
607422552
883112229
906025047
267513431
282266435
308555570
662347719
416949655
971074048
538753594
325426794
283989492
663452294
344512412
437087149
598272896
106106331
277891547
373419285
385677674
553562223
960755859
295506859
251207252
914193377
78942813
297167910
602524532
276334241
345273936
696995603
950885367
132648124
37630338
949308227
837210699
906844162
454245475
197455325
344175839
903481612
516987095
38194677
939483370
914179079
833082905
88050591
825028443
617271585
436541197
856843985
49505334
628652637
493776325
375829414
919218829
177128918
960885171
477627631
83587046
338732019
898108835
220221359
111186647
741330618
659199654
596101035
631469947
507507550
275154182
789628289
420798412
595622546
411899988
852385017
553425086
305327209
163059773
148824422
127571253
23369729
171431592
697252529
102106131
164740330
558551834
615165603
87643506
929080426
682833466
591657546
452854345
969083619
114237719
285819279
890167663
228067889
344043339
874650163
227281763
85614554
932025799
710251853
274219952
38919551
918504150
7274493
502443233
180749859
199925590
821718486
935314917
175801967
178597743
347486232
73043385
102134749
151334644
151485814
960755859
260981034
771011545
535874078
420431626
167649081
647076135
75677001
454245475
526714590
272706152
934597594
527020644
376269811
164740330
515285780
814347114
315528896
425018053
397563449
554113057
874721871
411899988
910406309
733288618
507837019
141249945
27725443
835256630
317989515
29167322
351487112
20791222
547212449
525661705
724668533
752027883
628058893
285529539
811272162
883112229
42815099
40921445
0 0
